y
277
260.6
291.6
275.4
275.3
231.7
238.8
274.2
277.8
299.1
286.6
232.3
294.1
267.5
309.7
280.7
287.3
235.7
256.4
289
290.8
321.9
291.8
241.4
295.5
258.2
306.1
281.5
283.1
237.4
274.8
299.3
300.4
340.9
318.8
265.7
322.7
281.6
323.5
312.6
310.8
262.8
273.8
320
310.3
342.2
320.1
265.6
327
300.7
346.4
317.3
326.2
270.7
278.2
324.6
321.8
343.5
354
278.2
330.2
307.3
375.9
335.3
339.3
280.3
293.7
341.2
345.1
368.7
369.4
288.4
341
319.1
374.2
344.5
337.3
281
282.2
321
325.4
366.3
380.3
300.7
359.3
327.6
383.6
352.4
329.4
294.5
333.5
334.3
358
396.1
387
307.2
363.9
344.7
397.6
376.8
337.1
299.3
323.1
329.1
347
462
436.5
360.4
415.5
382.1
432.2
424.3
386.7
354.5
375.8
368
402.4
426.5
433.3
338.5
416.8
381.1
445.7
412.4
394
348.2
380.1
373.7
393.6
434.2
430.7
344.5
411.9
370.5
437.3
411.3
385.5
341.3
384.2
373.2
415.8
448.6
454.3
350.3
419.1
398
456.1
430.1
399.8
362.7
384.9
385.3
432.3
468.9
442.7
370.2
439.4
393.9
468.7
438.8
430.1
366.3
391
380.9
431.4
465.4
471.5
387.5
446.4
421.5
504.8
492.1
421.3
396.7
428
421.9
465.6
525.8
499.9
435.3
479.5
473
554.4
489.6
462.2
420.3
